1.000000000000000072e-17 3.162277675168379692e-09
1.000000000000000102e-16 1.000000014999999943e-08
1.000000000000000078e-15 3.162277810168368486e-08
1.000000000000000157e-14 1.000000149999967544e-07
1.000000000000000157e-13 3.162279160167351782e-07
1.000000000000000182e-12 1.000001499996749825e-06
1.000000000000000101e-11 3.162292660065604651e-06
1.000000000000000166e-10 1.000014999674998486e-05
1.000000000000000269e-09 3.162427649890790397e-05
1.000000000000000352e-08 1.000149967498126599e-04
1.000000000000000352e-07 3.163776632241084553e-04
1.000000000000000378e-06 1.001496748139050867e-03
1.000000000000000421e-05 3.177174703079323984e-03
1.000000000000000454e-04 1.014673264388731531e-02
1.000000000000000454e-03 3.301855901292539974e-02
1.000000000000000541e-02 1.116877974792942763e-01
1.000000000000000611e-01 3.725995555786141278e-01
1.000000000000000666e+00 7.298437881283574846e-01
1.000000000000000711e+01 5.386782170348952681e-01
1.000000000000000711e+02 4.524857753640627034e-01
