1.000000000000000072e-17 1.000000000000000072e-17
1.000000000000000102e-16 1.000000000000000965e-16
1.000000000000000078e-15 1.000000000000001853e-15
1.000000000000000157e-14 1.000000000000020194e-14
1.000000000000000157e-13 1.000000000000200212e-13
1.000000000000000182e-12 1.000000000001999875e-12
1.000000000000000101e-11 1.000000000020000100e-11
1.000000000000000166e-10 1.000000000200000159e-10
1.000000000000000269e-09 1.000000001999999740e-09
1.000000000000000352e-08 1.000000020000000027e-08
1.000000000000000352e-07 1.000000199999949991e-07
1.000000000000000378e-06 1.000001999995000398e-06
1.000000000000000421e-05 1.000019999499994713e-05
1.000000000000000454e-04 1.000199949994003693e-04
1.000000000000000454e-03 1.001994994031992544e-03
1.000000000000000541e-02 1.019494319012576034e-02
1.000000000000000611e-01 1.146968336198978533e-01
1.000000000000000666e+00 5.657414540893350718e-01
1.000000000000000711e+01 4.074169802195639623e-01
1.000000000000000711e+02 3.845270415093802185e-01
