1.000000000000000072e-17 3.982972037698159469e-04
1.000000000000000102e-16 6.314344601016684067e-04
1.000000000000000078e-15 1.001197559479824343e-03
1.000000000000000157e-14 1.587897739110697131e-03
1.000000000000000157e-13 2.519419228010421046e-03
1.000000000000000182e-12 3.999936345421495169e-03
1.000000000000000101e-11 6.356732645903701538e-03
1.000000000000000166e-10 1.011755549399330836e-02
1.000000000000000269e-09 1.614061885079053765e-02
1.000000000000000352e-08 2.583720746837320226e-02
1.000000000000000352e-07 4.155805366067209794e-02
1.000000000000000378e-06 6.725895844505053178e-02
1.000000000000000421e-05 1.095753646364497347e-01
1.000000000000000454e-04 1.792048614575600385e-01
1.000000000000000454e-03 2.914136611789981957e-01
1.000000000000000541e-02 4.619783836552983081e-01
1.000000000000000611e-01 6.918917370282156032e-01
1.000000000000000666e+00 8.739448295698315494e-01
1.000000000000000711e+01 7.341964831520501056e-01
1.000000000000000711e+02 6.085974682202813790e-01
